./JPEGImages/0.jpg 60 181 112 252 20 144 32 211 75 2 
./JPEGImages/1.jpg 85 211 146 283 14 234 47 267 94 0 
./JPEGImages/2.jpg 66 17 135 78 18 199 111 247 179 18 
./JPEGImages/3.jpg 225 239 288 293 6 167 105 220 160 8 30 189 63 234 6 
./JPEGImages/4.jpg 88 1 147 43 15 231 158 266 211 16 
./JPEGImages/5.jpg 130 212 205 250 3 27 138 97 199 9 
./JPEGImages/6.jpg 96 200 168 268 5 202 91 256 162 5 44 2 81 37 14 
./JPEGImages/7.jpg 192 93 237 145 5 
./JPEGImages/8.jpg 208 254 270 298 22 3 29 72 75 9 
./JPEGImages/9.jpg 145 109 211 169 12 38 27 91 86 5 248 251 287 297 16 
./JPEGImages/10.jpg 69 26 129 66 2 
./JPEGImages/11.jpg 84 228 137 281 20 190 59 249 102 20 
./JPEGImages/12.jpg 180 184 250 226 18 69 113 118 178 13 
./JPEGImages/13.jpg 183 47 221 84 8 39 240 94 295 20 232 110 288 164 16 
./JPEGImages/14.jpg 67 188 127 253 0 134 37 207 96 22 242 102 286 152 12 
./JPEGImages/15.jpg 82 131 148 195 23 193 200 232 258 21 36 20 78 70 23 
./JPEGImages/16.jpg 109 27 174 64 11 201 204 264 269 14 
